100
341 388
335 536
221 842
354 611
268 344
186 605
699 150
479 346
449 97
360 975
866 337
488 774
871 597
371 812
576 529
966 97
667 2
234 885
312 212
895 740
693 485
328 851
311 726
417 739
139 312
67 402
887 174
30 19
216 484
714 851
271 86
261 770
531 54
932 869
390 697
927 577
660 960
186 548
76 866
273 966
19 65
948 440
565 148
553 930
506 27
687 698
998 778
765 384
657 376
954 150
498 393
85 284
486 198
487 345
139 412
41 101
470 109
989 464
540 127
976 967
41 42
778 774
649 818
145 785
688 12
298 818
791 846
654 675
169 533
253 648
85 211
207 279
912 386
96 220
485 266
766 214
560 361
712 894
21 116
853 249
362 444
824 586
201 812
741 710
65 643
114 889
985 919
532 489
805 878
510 649
42 697
101 275
459 552
353 491
545 630
981 432
176 448
399 638
374 591
778 78
